# camera params
cx: 320
cy: 240
fx: 337.209
fy: 337.209
depth_rows: 480
depth_cols: 640
